1239
1238
1237
1235
1234
1233
1228
1227
1226
1225
1224
1223
1222
1221
1220
1219
1218
1217
1203
1202
1200
1194
1193
1192
1190
1189
1188
1187
1186
1185
1184
1183
1183
1182
1181
1180
1179
1178
1177
1176
1175
1174
1173
1172
1171
1170
1169
1168
1167
1166
1165
1165
1163
1162
1155
1154
1153
1152
1151
1150
1149
1148
1147
1146
1145
1144
1143
1142
1141
1140
1139
1138
1137
1133
1132
1131
1130
1129
1128
1127
1126
1125
1124
1122
1121
1120
1119
1118
1116
1115
1114
1113
1112
1111
1110
1109
1108
1107
1106
1105
1104
1102
1101
1101
1100
1095
1094
1093
1092
1091
1091
1089
1088
1087
1086
1085
1084
1080
1079
1078
1076
1075
1074
1071
1065
1064
1061
1060
1054
1053
1052
1049
1048
1047
1046
1045
1044
1043
1040
1039
1038
1037
1036
1032
1031
1030
1029
1028
1022
1021
1019
1017
1017
1017
1016
1011
1010
1009
1008
1007
1006
1005
1004
1003
1002
1001
1000
999
998
997
996
995
994
991
990
989
988
987
986
986
985
984
983
982
981
980
979
979
979
978
977
977
976
975
974
973
973
971
969
968
967
966
965
963
963
962
961
960
959
958
957
956
956
955
954
953
952
951
950
949
948
947
947
946
945
941
940
939
939
938
937
936
935
934
933
932
930
929
928
927
926
925
924
923
922
921
920
919
918
917
917
916
915
914
913
913
912
908
907
907
906
906
905
837
836
835
834
833
832
831
831
830
829
828
827
826
825
825
825
824
824
823
822
821
820
819
818
817
816
815
813
812
811
810
810
809
808
807
806
805
802
799
797
797
797
795
794
793
793
792
791
790
790
789
788
787
786
785
784
783
782
781
766
766
765
765
764
761
761
760
760
760
759
758
755
754
753
752
751
750
745
745
745
743
743
740
739
738
737
736
735
734
733
732
732
731
730
729
729
729
728
727
724
723
722
719
718
717
716
715
714
713
665
664
662
661
661
660
660
659
658
652
652
651
650
650
649
649
643
642
641
640
639
638
634
631
631
630
629
628
627
626
626
625
625
624
624
623
622
621
620
619
616
615
614
613
613
612
611
610
607
606
605
604
604
603
602
601
601
601
601
600
599
599
598
598
597
596
595
594
593
591
574
574
574
574
573
573
572
572
571
570
570
569
568
567
565
561
561
560
559
558
557
557
556
555
554
553
553
553
552
551
545
543
542
541
537
537
536
535
534
523
519
519
518
517
516
516
515
514
509
508
508
508
507
497
496
495
494
493
492
477
474
474
473
472
472
471
470
469
469
468
467
467
466
462
460
460
460
459
459
457
457
457
457
456
456
455
454
453
452
451
451
451
451
450
449
449
449
449
449
449
448
447
447
446
446
446
444
443
443
442
441
441
440
440
439
439
439
438
436
435
434
433
429
428
427
426
425
424
424
424
420
419
419
419
418
418
417
416
416
414
414
413
412
411
410
409
408
407
406
405
404
403
403
402
401
401
400
400
399
398
398
397
395
394
393
393
391
390
389
386
385
385
384
383
383
380
379
379
376
373
372
372
371
371
370
369
357
357
356
355
355
355
354
353
353
353
350
348
346
345
345
344
344
343
343
343
343
337
336
335
335
334
332
331
331
330
329
329
325
325
325
324
324
324
323
323
323
323
323
323
322
317
317
317
317
316
316
312
311
309
309
308
307
306
305
305
304
303
303
302
301
300
300
299
299
298
298
297
296
295
295
295
295
295
295
295
295
291
291
291
290
284
284
284
283
282
281
280
280
280
279
278
278
278
278
278
278
277
275
273
273
272
271
270
269
269
269
268
268
268
267
266
265
265
264
263
262
262
262
262
261
261
261
261
260
260
260
260
260
260
257
256
255
254
240
235
234
234
232
232
232
232
231
230
229
228
228
228
227
226
226
226
226
226
225
225
224
224
223
220
215
214
214
214
213
213
212
212
212
212
211
211
210
210
210
210
210
210
210
210
210
209
209
208
207
204
203
203
203
203
201
201
200
199
199
198
197
197
197
196
191
188
188
188
186
186
184
184
182
182
182
181
180
179
177
177
177
177
176
176
176
174
174
174
173
172
172
171
171
171
170
169
169
168
167
166
166
166
164
163
163
162
162
162
162
161
161
161
161
160
159
158
158
157
157
157
156
156
156
154
154
153
153
153
152
152
152
149
147
147
145
145
145
145
143
143
143
142
139
139
139
138
138
130
130
129
129
129
128
128
128
128
128
128
128
127
127
126
126
125
123
123
123
122
122
118
118
118
118
118
118
117
117
111
111
110
110
110
110
109
109
108
108
108
108
61
61
61
61
61
61
60
60
59
59
59
53
52
52
52
52
52
52
52
52
51
48
48
47
47
44
43
43
43
43
43
43
43
37
37
37
34
34
34
33
33
33
32
32
32
32
32
31
31
31
31
31
31
29
29
29
29
29
26
26
25
24
24
24
24
23
23
23
23
23
23
23
23
23
23
23
23
23
23
23
23
23
23
22
22
21
21
21
21
20
19
19
19
19
19
19
19
17
17
17
17
17
17
17
17
17
17
17
17
17
17
17
17
17
12
12
12
12
12
12
12
12
12
12
11
11
11
11
11
11
11
11
11
11
10
10
10
10
10
10
10
10
9
9
9
9
9
9
9
9
9
9
9
9
9
9
9
9
7
7
7
7
7
7
7
7
7
7
6
6
6
6
6
6
6
6
6
6
6
6
6
5
5
5
5
5
5
5
5
5
5
5
5
5
5
5
5
5
5
5
5
5
5
5
5
5
5
5
5
5
5
5
5
5
5
5
5
3
3
3
3
3
3
3
3
3
3
3
3
3
3
3
3
3
3
3
3
3
3
3
3
3
2
2
2
2
2
2
2
2
2
2
2
2
2
2
2
2
2
2
2
2
2
2
2
2
2
1
1
1
1
1
1
1
1
1
1
1
1
1
1
1
