1239
1238
1237
1236
1235
1233
1232
1230
1229
1228
1227
1203
1202
1201
1200
1199
1198
1197
1196
1194
1193
1192
1191
1190
1189
1187
1186
1185
1184
1183
1182
1181
1176
1175
1169
1168
1167
1166
1165
1164
1163
1162
1161
1160
1159
1158
1157
1156
1155
1147
1146
1145
1144
1140
1139
1138
1137
1136
1131
1129
1126
1125
1124
1123
1122
1121
1118
1117
1115
1114
1113
1112
1111
1110
1109
1106
1104
1103
1102
1099
1098
1098
1097
1095
1094
1093
1092
1091
1090
1086
1085
1084
1078
1077
1076
1072
1071
1070
1066
1064
1063
1062
1061
1060
1056
1053
1052
1050
1049
1048
1047
1046
1035
1034
1033
1032
1030
1029
1028
1028
1027
1026
1025
1024
1023
1022
1021
1020
1019
1014
1014
1013
1012
1002
1001
1000
1000
999
998
997
997
996
995
994
993
992
991
990
989
989
988
986
986
985
985
984
983
979
978
977
976
975
974
973
972
971
970
969
967
966
965
964
960
958
957
956
955
954
953
952
951
950
949
948
947
944
942
940
938
937
936
935
934
933
932
931
930
929
928
927
922
921
916
915
915
914
913
912
911
910
909
902
900
900
899
898
897
896
895
894
893
892
891
890
890
889
884
884
883
882
882
880
879
878
877
872
871
870
869
869
868
865
864
863
862
861
861
860
859
858
857
856
855
854
853
852
851
850
849
848
847
846
838
837
836
835
834
834
833
832
831
829
828
827
826
825
820
820
819
819
819
816
815
814
813
812
811
809
808
807
806
805
804
803
784
784
783
782
781
780
779
778
777
776
776
776
775
774
772
771
770
769
765
764
763
763
762
760
759
758
757
756
755
755
743
742
741
740
739
737
736
735
734
733
732
732
730
730
729
728
672
672
671
671
671
670
669
668
667
667
667
663
662
661
660
660
659
658
657
651
651
645
644
643
642
640
639
638
632
631
630
628
627
626
625
623
623
623
620
619
619
619
618
617
616
615
614
613
612
611
611
611
609
609
608
605
604
603
603
603
601
600
600
594
593
592
591
590
589
589
589
584
584
583
582
561
558
558
554
554
554
553
552
552
551
550
549
548
547
547
542
539
538
537
537
536
535
533
532
531
530
529
529
529
529
529
529
529
524
519
519
518
517
516
516
515
514
513
512
512
511
511
510
510
509
508
507
506
506
506
505
504
503
502
501
500
500
499
499
498
497
496
495
495
494
493
493
492
492
491
490
489
488
487
487
487
487
486
485
485
484
483
479
479
479
479
474
472
471
470
470
470
470
469
468
467
467
466
465
465
464
463
463
462
461
460
458
457
456
455
455
455
455
454
454
453
452
451
451
451
450
450
448
447
447
446
446
445
444
444
443
443
443
442
442
441
440
439
436
436
435
434
433
433
433
431
429
429
428
428
427
425
425
425
424
424
423
422
421
420
420
420
419
415
414
414
411
410
409
396
396
396
395
394
393
393
393
392
391
391
391
391
390
390
389
389
389
388
388
386
386
386
385
384
377
377
376
375
375
373
373
372
370
370
369
367
366
364
363
363
362
358
357
355
355
354
352
351
351
351
351
351
351
350
350
350
350
349
348
347
344
342
341
341
341
341
340
340
340
340
340
340
339
339
338
337
336
335
334
333
333
332
332
331
330
329
323
322
321
320
319
316
315
314
314
313
312
311
310
309
308
307
307
307
306
305
304
304
303
297
297
295
295
293
293
293
292
291
291
291
291
291
290
289
287
286
286
285
284
282
281
280
279
278
277
276
275
274
273
272
271
271
271
270
270
269
269
268
266
262
262
261
261
261
260
259
259
258
258
258
257
257
256
256
255
254
254
249
247
247
247
244
244
244
244
244
243
242
242
241
240
239
239
239
238
237
236
235
233
232
213
213
213
213
211
210
210
206
206
206
205
205
204
204
203
201
199
195
194
194
194
194
194
191
191
191
191
191
191
191
191
191
190
190
189
187
187
187
187
187
187
186
185
183
181
181
179
179
179
179
179
178
178
177
176
176
176
176
174
173
173
173
173
172
172
172
169
169
169
169
168
168
167
166
162
162
162
162
161
160
160
159
159
159
159
159
158
158
158
158
158
158
157
157
157
157
157
155
155
155
155
155
154
152
152
151
151
150
149
148
148
136
135
134
133
132
132
131
131
130
123
123
122
122
121
119
119
118
117
117
116
114
112
112
112
111
111
111
111
110
110
110
110
110
110
110
110
110
110
110
110
108
108
108
108
108
108
108
103
103
103
103
102
102
102
102
100
99
98
98
98
87
82
81
81
81
80
80
80
80
80
79
78
78
78
72
72
71
71
71
71
71
71
71
71
71
71
71
71
68
68
68
67
66
66
66
65
64
64
64
63
62
61
61
61
61
61
60
60
60
60
60
57
57
57
57
57
57
57
57
57
56
56
56
56
56
56
56
56
46
46
46
46
46
46
45
45
42
42
42
41
41
41
41
40
40
40
30
30
30
30
30
30
30
30
30
30
30
30
30
30
30
30
29
29
29
29
29
29
29
29
29
29
29
29
29
28
28
28
28
28
28
28
28
28
28
28
28
28
28
28
28
28
28
28
27
27
27
27
27
26
25
25
25
25
24
24
24
24
24
24
24
24
24
23
21
21
19
19
19
19
18
18
18
18
18
17
17
17
17
17
17
17
17
17
17
17
17
16
16
15
15
15
15
15
15
15
15
15
14
14
13
13
13
13
13
13
13
12
12
11
11
11
11
11
11
11
11
11
11
11
11
11
10
10
10
10
10
10
10
5
5
5
5
5
5
5
5
5
3
3
3
3
3
3
3
3
3
3
3
3
3
3
3
3
3
3
3
3
3
3
3
3
3
3
3
3
3
3
3
3
3
3
3
3
3
3
3
3
2
2
2
2
2
2
2
2
2
2
2
2
2
2
2
2
2
2
1
1
