1221
1220
1219
1218
1217
1216
1215
1214
1213
1212
1211
1209
1208
1207
1206
1204
1203
1202
1201
1200
1199
1198
1197
1196
1195
1194
1193
1192
1191
1190
1189
1188
1187
1186
1185
1184
1183
1182
1181
1180
1179
1178
1177
1176
1175
1174
1173
1172
1171
1169
1168
1167
1166
1164
1163
1162
1161
1160
1157
1156
1155
1154
1153
1152
1151
1150
1149
1148
1147
1146
1145
1144
1143
1142
1141
1140
1139
1138
1136
1135
1134
1133
1132
1131
1130
1129
1128
1127
1126
1125
1124
1123
1122
1121
1120
1119
1118
1117
1116
1115
1114
1113
1112
1111
1110
1109
1108
1107
1106
1105
1104
1103
1103
1102
1101
1100
1099
1096
1095
1094
1093
1092
1091
1090
1089
1088
1087
1086
1085
1084
1083
1082
1081
1080
1079
1078
1077
1076
1075
1074
1073
1072
1071
1070
1069
1068
1067
1066
1065
1064
1063
1062
1061
1060
1059
1058
1057
1056
1055
1054
1053
1052
1051
1051
1050
1049
1048
1047
1046
1045
1044
1043
1042
1041
1040
1039
1038
1037
1036
1035
1034
1033
1032
1031
1030
1029
1028
1027
1026
1024
1023
1022
1020
1019
1018
1017
1016
1015
1013
1012
1011
1010
1009
1008
1007
1006
1005
1004
1003
1002
1001
1000
999
998
997
996
995
994
993
992
990
989
988
987
986
985
984
983
982
981
980
979
978
978
977
976
975
974
973
972
971
970
969
968
968
967
966
965
964
963
962
961
960
959
958
957
956
955
954
953
952
951
950
949
948
947
946
945
944
943
942
941
940
939
938
937
936
935
934
933
932
931
930
929
928
927
926
925
924
921
920
919
918
917
916
915
914
913
912
911
910
909
908
907
906
905
904
903
902
900
899
898
897
896
895
894
892
891
890
889
888
887
886
885
885
884
883
881
880
879
877
876
875
874
873
872
871
870
869
868
868
867
866
865
865
864
863
862
861
860
859
858
857
856
855
854
854
854
853
852
851
850
849
848
847
846
845
844
843
842
841
840
839
838
837
836
835
834
833
832
831
830
829
828
827
826
824
823
821
820
819
818
817
816
814
814
812
811
810
809
808
807
806
805
804
803
802
801
800
799
798
796
795
794
793
792
791
790
789
788
787
786
785
784
783
782
781
780
779
778
777
776
775
774
773
772
771
770
769
767
766
765
764
762
761
760
758
756
754
753
750
749
749
747
746
745
744
743
742
741
740
739
737
736
735
734
733
732
731
730
729
728
727
726
725
722
720
719
717
715
714
713
711
710
709
708
707
706
703
701
700
699
698
697
695
693
693
692
691
689
688
687
685
684
683
681
680
679
678
677
676
675
672
671
670
669
669
668
667
666
665
664
664
663
662
661
660
659
658
657
656
655
654
653
652
652
650
649
648
647
646
646
645
644
642
641
639
638
637
636
635
630
629
629
628
627
625
624
623
622
621
619
618
617
616
615
613
612
611
610
606
605
603
601
598
597
596
595
594
592
591
590
589
589
588
588
588
588
587
586
586
585
584
582
581
580
580
579
578
577
576
575
574
573
572
571
570
567
565
564
563
562
561
560
559
558
556
555
554
553
553
551
550
549
548
547
546
545
544
543
541
540
539
538
537
535
535
534
532
531
530
529
528
527
526
524
523
522
521
520
519
518
517
517
517
516
515
513
513
512
511
510
505
504
502
501
500
499
497
495
494
494
493
492
491
489
488
487
487
487
487
486
485
484
484
483
482
479
477
474
473
470
469
464
463
462
461
461
460
458
458
456
455
452
451
450
449
445
444
444
443
443
443
443
440
439
438
434
433
430
429
428
428
427
426
425
424
422
421
420
419
418
417
416
415
413
412
408
407
407
405
404
402
399
399
397
396
396
394
393
392
391
391
391
391
389
388
388
387
386
384
379
377
377
376
374
373
372
369
368
368
367
366
366
366
364
362
361
360
359
357
357
357
356
355
354
352
347
345
344
344
342
341
341
340
339
338
336
336
334
334
334
331
329
327
327
319
315
315
315
308
307
302
296
295
292
291
289
289
288
287
286
285
285
285
285
284
284
282
281
281
275
274
272
268
268
268
267
266
265
265
260
260
259
258
257
257
256
256
255
254
254
253
253
253
252
245
243
240
240
239
238
237
237
236
233
233
230
229
227
224
224
222
219
218
217
216
211
211
208
203
202
202
198
196
183
182
182
180
180
179
178
178
177
176
175
175
169
169
165
164
164
163
146
144
143
133
133
131
131
131
131
131
131
128
128
128
128
128
128
125
125
125
125
125
110
110
110
110
110
110
98
96
92
92
92
91
91
66
66
66
66
62
62
62
62
62
62
62
62
57
57
57
56
56
56
56
55
55
55
55
55
55
55
55
55
55
55
55
55
55
55
55
55
55
55
55
55
54
54
54
43
43
42
42
42
42
42
42
42
35
35
35
35
30
30
30
30
30
30
30
30
30
30
15
15
15
15
14
14
14
14
14
14
14
14
14
14
14
14
14
14
14
14
14
14
14
14
14
14
14
14
14
14
14
14
14
14
14
14
14
14
14
13
13
13
13
13
13
13
13
13
13
13
13
13
13
13
13
11
11
11
11
11
8
8
8
8
8
8
8
8
8
8
8
8
8
8
8
8
8
8
8
8
8
8
8
8
8
8
8
8
8
8
8
8
8
8
8
8
8
8
8
8
8
8
8
8
8
8
8
8
5
5
5
5
5
5
5
5
5
5
5
5
5
5
5
5
5
5
5
5
5
5
5
5
5
5
5
5
5
5
5
5
5
5
5
5
5
5
5
5
5
5
5
5
5
5
5
5
5
5
5
5
5
5
5
5
5
5
5
5
5
5
5
5
5
5
5
5
5
5
3
3
3
3
2
2
2
2
2
2
2
2
2
2
2
2
2
2
2
2
2
2
2
2
2
2
2
2
2
2
2
2
2
2
2
2
2
1
1
1
1
1
1
1
1
1
1
1
1
1
1
1
1
1
1
1
1
