1224
1223
1221
1220
1219
1218
1217
1216
1215
1214
1213
1212
1211
1210
1209
1208
1206
1205
1204
1203
1202
1201
1200
1198
1197
1196
1195
1194
1193
1192
1191
1190
1189
1188
1187
1186
1185
1184
1183
1182
1181
1180
1178
1177
1176
1175
1174
1173
1172
1171
1170
1169
1168
1167
1166
1165
1164
1163
1162
1161
1160
1159
1158
1157
1156
1155
1154
1153
1152
1151
1150
1149
1148
1147
1146
1145
1143
1141
1140
1139
1137
1136
1135
1134
1133
1131
1130
1129
1128
1127
1126
1125
1124
1123
1122
1121
1119
1118
1117
1116
1114
1113
1112
1111
1110
1109
1108
1106
1105
1104
1103
1102
1101
1100
1099
1098
1097
1096
1095
1094
1093
1092
1091
1090
1089
1088
1087
1086
1085
1084
1083
1082
1081
1080
1079
1078
1077
1076
1074
1072
1071
1070
1069
1068
1067
1066
1065
1064
1063
1062
1061
1060
1059
1058
1056
1055
1054
1053
1051
1049
1048
1045
1044
1043
1042
1041
1040
1039
1038
1036
1035
1034
1033
1032
1031
1030
1029
1027
1026
1024
1023
1022
1021
1018
1017
1016
1015
1014
1013
1012
1011
1010
1009
1008
1006
1005
1004
1003
1001
1000
999
998
997
996
995
994
993
992
991
990
989
987
986
985
984
983
982
981
980
979
978
976
975
974
973
972
971
970
969
968
964
962
958
957
956
954
953
951
950
948
947
946
942
939
938
937
936
935
930
924
923
922
920
919
914
913
912
911
909
908
907
906
905
904
903
901
900
899
898
897
896
893
889
887
886
880
878
876
875
874
873
871
870
869
867
866
865
864
861
860
858
857
856
853
852
849
848
846
845
843
841
839
835
834
832
822
819
818
812
811
810
808
805
798
796
790
787
783
782
778
776
774
773
770
764
761
755
749
747
739
732
726
722
719
718
715
710
709
708
694
691
690
687
684
682
679
678
677
674
670
669
665
661
658
652
649
642
620
619
618
618
609
605
600
595
588
575
573
570
565
555
553
552
534
531
526
525
522
492
486
484
481
463
461
428
428
421
421
418
418
418
401
398
396
385
381
381
338
335
335
326
320
315
315
315
275
255
255
250
232
232
220
217
207
147
138
138
138
138
138
101
57
57
57
57
57
57
57
57
57
57
57
57
57
48
48
48
34
34
34
34
28
28
28
28
28
28
28
28
28
28
28
28
28
28
28
28
20
20
20
20
20
20
20
20
20
20
20
20
16
16
16
16
16
16
16
16
16
16
16
12
12
12
12
12
10
10
10
10
10
10
10
10
10
10
10
10
10
10
10
10
10
10
10
10
10
10
10
10
10
10
10
10
10
8
8
8
8
8
8
8
8
8
8
8
8
8
8
8
8
8
8
8
8
8
8
8
7
7
7
7
7
7
7
7
7
7
7
7
7
7
7
7
7
7
7
6
6
6
6
6
6
6
6
5
5
5
5
5
5
5
5
5
5
4
4
4
4
4
4
4
4
4
4
4
4
4
4
4
4
4
4
4
4
4
4
3
3
3
3
3
3
3
3
3
3
3
3
3
2
2
2
2
2
2
2
2
2
2
2
2
2
2
2
2
2
2
2
2
2
2
2
2
2
2
2
2
2
2
2
2
2
2
2
2
2
2
2
2
2
2
2
2
2
2
2
2
2
2
2
2
2
2
2
2
2
2
2
2
2
2
2
2
2
2
2
2
2
2
2
2
2
2
2
2
2
2
2
2
2
2
2
2
2
2
2
2
2
2
2
2
2
2
2
2
2
2
2
2
2
2
2
2
2
2
2
2
2
2
2
2
2
2
2
2
2
2
2
2
2
2
2
2
1
1
1
1
1
1
1
1
1
1
1
1
1
1
1
1
1
1
1
1
1
1
1
1
1
1
1
1
1
1
1
1
1
1
1
1
1
1
1
1
1
1
1
1
1
1
1
1
1
1
1
1
1
1
1
1
1
1
1
1
1
1
1
1
1
1
1
1
1
1
1
1
1
1
1
1
1
1
1
1
1
1
1
1
1
1
1
1
1
1
1
1
1
1
1
1
1
1
1
1
1
1
1
1
1
1
1
1
1
1
1
1
1
1
1
1
1
1
1
1
1
1
1
1
1
1
1
1
1
1
1
1
1
1
1
1
1
1
1
1
1
1
1
1
1
1
1
1
1
1
1
1
1
1
1
1
1
1
1
1
1
1
1
1
1
1
1
1
1
1
1
1
1
1
1
1
1
1
1
1
1
1
1
1
1
1
1
1
1
1
1
1
1
1
1
1
1
1
1
1
1
1
1
1
1
1
1
1
1
1
1
1
1
1
1
1
1
1
1
1
1
1
1
1
1
1
1
1
1
1
1
1
1
1
1
1
1
1
1
1
1
1
1
1
1
1
1
1
1
1
1
1
1
1
1
1
1
1
1
1
1
1
1
1
1
1
1
1
1
1
1
1
1
1
1
1
1
1
1
1
1
1
1
1
1
1
1
1
1
1
1
1
1
1
1
1
1
1
1
1
1
1
1
1
1
1
1
1
1
1
1
1
1
1
1
1
1
1
1
1
1
1
1
1
1
1
1
1
1
1
1
1
1
1
1
1
1
1
1
1
1
1
1
1
1
1
1
1
1
1
1
1
1
1
1
1
1
1
1
1
1
1
1
1
1
1
1
1
1
1
1
1
1
1
1
1
1
1
1
1
1
1
1
1
1
1
1
1
1
1
1
1
1
1
1
1
1
1
1
1
1
1
1
1
1
1
1
1
1
1
1
1
1
1
1
1
1
1
1
1
1
1
1
1
1
1
1
1
1
1
1
1
1
1
1
1
1
1
1
1
1
1
1
1
1
1
1
1
1
1
1
1
1
1
1
1
1
1
1
1
1
1
1
1
1
1
1
1
1
1
1
1
1
1
1
1
1
1
1
1
1
1
1
1
1
1
1
1
1
1
1
1
1
1
1
1
1
1
1
1
1
1
1
1
1
1
