1229
1228
1227
1226
1225
1224
1223
1222
1221
1220
1219
1218
1217
1216
1215
1214
1213
1212
1211
1209
1208
1207
1206
1205
1204
1203
1201
1200
1199
1198
1197
1196
1195
1194
1193
1192
1191
1190
1188
1187
1186
1185
1184
1183
1182
1181
1180
1179
1177
1176
1175
1174
1172
1171
1170
1169
1168
1167
1165
1164
1163
1162
1161
1160
1160
1159
1158
1157
1156
1155
1154
1153
1152
1151
1150
1149
1148
1147
1146
1145
1144
1142
1140
1139
1138
1137
1136
1135
1134
1133
1132
1131
1130
1129
1128
1127
1126
1125
1124
1123
1122
1121
1120
1119
1119
1117
1116
1115
1115
1114
1113
1112
1111
1110
1109
1108
1107
1106
1105
1104
1103
1102
1101
1100
1099
1098
1097
1096
1095
1094
1093
1092
1091
1090
1089
1088
1087
1086
1085
1084
1082
1081
1080
1079
1078
1077
1076
1075
1074
1073
1072
1071
1070
1069
1068
1067
1066
1065
1064
1063
1062
1061
1060
1059
1058
1057
1056
1055
1054
1053
1052
1051
1050
1049
1048
1047
1046
1045
1044
1043
1041
1040
1039
1038
1037
1036
1035
1034
1033
1032
1031
1030
1029
1028
1027
1026
1025
1024
1023
1022
1021
1020
1018
1017
1016
1015
1014
1013
1012
1011
1010
1009
1008
1007
1005
1004
1003
1002
1001
999
998
997
996
995
994
993
992
991
990
989
988
987
986
985
984
983
982
981
980
979
978
977
976
974
973
972
971
970
969
968
967
966
965
964
963
962
961
960
959
959
958
957
956
955
954
953
953
952
951
950
948
947
946
945
944
943
942
941
940
939
938
937
936
935
933
932
931
928
927
926
925
924
923
922
921
920
919
918
917
916
915
914
913
912
911
910
909
908
907
906
905
904
903
902
900
899
898
897
896
895
894
893
892
891
890
889
888
887
886
884
883
882
881
880
879
878
877
876
875
874
873
872
870
869
868
867
866
865
864
863
862
861
860
859
858
856
855
854
853
852
851
850
849
848
847
846
845
844
843
841
840
839
837
836
835
834
833
832
831
830
829
828
827
825
824
823
822
821
820
819
818
817
816
815
814
813
812
811
810
809
808
807
806
805
803
802
801
800
799
798
797
796
795
794
792
791
789
787
786
785
784
783
782
781
780
780
779
778
778
777
776
775
774
773
772
771
770
769
768
767
767
766
765
764
763
762
761
761
760
759
758
757
755
754
752
751
750
749
748
746
745
744
743
742
741
740
739
738
737
736
735
734
732
731
730
729
728
728
727
726
725
724
723
722
720
719
718
717
717
716
715
714
713
712
711
710
709
708
707
706
705
704
703
702
700
698
697
696
695
694
693
692
691
688
687
686
685
682
681
680
680
679
677
675
674
672
671
671
670
669
668
667
666
665
660
659
658
655
654
652
651
650
649
648
647
646
645
644
643
642
641
640
639
637
636
635
634
632
631
631
630
629
628
627
623
622
621
620
619
619
618
616
615
612
611
610
609
608
608
607
607
606
604
602
600
598
597
596
595
594
593
592
591
591
590
590
587
586
585
585
584
583
583
583
582
581
578
576
575
574
573
570
569
567
566
566
565
565
564
563
562
561
560
559
558
557
555
553
552
551
550
549
548
546
546
544
541
540
539
538
536
534
533
532
531
530
529
528
526
525
524
523
522
519
518
517
515
514
513
512
511
510
508
507
505
504
504
503
502
502
499
498
497
496
495
494
491
490
489
488
487
486
485
485
484
483
480
479
478
477
476
475
474
473
472
471
470
469
468
467
467
466
465
464
463
462
461
459
459
458
458
458
455
454
453
452
451
451
451
450
449
448
446
445
444
442
441
438
435
434
434
433
432
431
430
429
426
424
422
421
420
419
418
414
414
412
411
407
405
404
404
403
402
401
400
398
398
396
389
388
388
388
386
384
382
377
375
374
373
371
369
367
366
366
366
362
362
361
349
348
346
346
345
344
344
341
340
340
340
339
339
339
335
334
332
331
329
325
324
324
324
323
322
321
316
315
313
310
307
307
300
299
293
292
291
291
291
290
285
285
284
283
282
280
277
277
277
275
274
271
270
269
268
267
264
262
261
260
260
259
255
255
255
255
255
253
247
247
247
247
245
245
245
239
239
237
237
237
237
163
163
163
163
146
146
145
142
141
141
140
140
140
140
140
140
140
140
140
140
140
137
137
137
137
137
137
136
136
136
135
135
135
135
135
135
132
132
132
132
131
128
128
128
128
128
127
127
126
126
126
125
124
123
123
121
120
120
118
113
112
107
107
104
104
104
104
102
99
98
98
98
97
96
95
95
95
80
80
80
80
74
74
74
74
71
71
71
71
71
71
70
70
70
70
70
70
70
70
70
70
69
69
69
69
69
59
59
59
59
59
59
59
59
57
56
56
56
56
56
56
56
56
52
52
52
52
50
50
50
50
25
25
25
25
25
25
25
25
25
25
25
18
18
13
13
9
9
9
9
9
9
9
9
9
9
9
9
9
9
9
9
9
9
9
9
9
9
9
9
9
9
9
9
9
9
9
9
9
9
9
9
9
9
9
9
9
9
9
9
9
9
9
9
9
9
9
9
9
9
9
9
9
9
9
9
9
9
9
9
9
9
9
9
9
9
9
9
9
9
9
9
9
9
9
9
9
9
9
9
9
9
9
9
8
8
8
8
8
8
8
8
8
8
8
8
8
8
8
8
8
8
8
7
7
7
7
7
7
7
7
7
7
7
7
7
7
7
7
7
6
6
6
6
6
6
6
6
6
6
6
6
6
6
6
6
6
6
4
4
4
4
4
4
4
4
4
4
4
4
4
4
4
4
4
4
4
4
4
4
4
4
4
4
4
4
4
4
3
3
3
3
3
3
3
2
2
2
2
2
2
2
2
2
2
2
2
2
2
2
2
2
2
2
2
2
2
2
2
2
2
2
2
2
2
2
1
1
1
1
1
1
1
1
1
1
1
1
1
1
1
1
1
1
1
1
1
1
1
1
