1239
1238
1237
1236
1235
1234
1232
1231
1230
1228
1227
1226
1225
1224
1223
1222
1221
1220
1218
1217
1216
1215
1214
1213
1212
1211
1210
1209
1208
1207
1206
1205
1204
1203
1202
1201
1200
1199
1198
1197
1195
1194
1193
1192
1191
1190
1189
1188
1186
1184
1183
1181
1179
1178
1177
1176
1175
1174
1173
1172
1169
1168
1167
1166
1165
1163
1161
1160
1159
1158
1157
1155
1153
1152
1151
1150
1148
1147
1146
1145
1144
1143
1142
1139
1138
1133
1132
1130
1128
1127
1125
1123
1121
1120
1118
1116
1115
1113
1112
1110
1109
1108
1107
1106
1105
1102
1100
1099
1096
1095
1094
1093
1092
1091
1090
1089
1088
1086
1085
1083
1082
1080
1078
1076
1075
1070
1068
1067
1066
1065
1062
1060
1059
1058
1056
1055
1053
1052
1050
1049
1047
1046
1044
1043
1042
1041
1040
1038
1036
1034
1030
1029
1027
1026
1020
1019
1015
1014
1012
1011
1009
1007
1006
1005
1003
1002
999
995
992
988
986
983
982
979
976
974
972
971
970
969
968
966
965
960
958
957
956
955
953
950
949
948
947
945
943
940
938
937
934
933
930
926
925
924
923
922
921
919
914
913
911
910
909
908
904
902
898
897
896
895
893
892
890
887
885
882
881
879
873
870
868
864
862
860
855
850
849
847
846
843
836
831
829
827
825
823
819
818
813
810
807
803
802
800
794
792
790
788
785
783
782
777
776
775
773
771
764
760
759
756
743
741
738
737
736
733
726
724
719
716
714
708
700
699
676
674
671
669
666
664
657
654
650
649
639
637
634
630
627
623
619
616
609
588
583
556
534
406
401
378
368
342
302
286
279
279
254
254
254
250
250
250
250
250
225
225
225
225
220
214
214
214
214
214
137
137
137
137
137
137
137
137
136
136
129
115
115
115
107
107
107
65
65
65
65
54
54
54
54
54
54
54
54
34
34
34
34
34
34
34
34
34
34
34
34
34
34
34
34
34
34
34
34
34
34
34
34
34
34
17
17
17
17
17
17
17
17
17
17
16
15
15
15
15
15
15
15
15
11
11
10
10
10
10
10
10
10
10
10
10
10
10
10
10
10
10
10
10
10
10
10
10
10
10
10
10
10
10
10
10
10
10
10
10
10
10
10
10
10
10
10
10
10
10
8
8
8
8
8
8
8
8
8
8
8
8
8
8
8
8
8
8
8
8
8
8
8
7
7
7
7
7
7
7
7
7
7
7
7
7
7
7
7
7
7
7
7
7
7
7
7
7
7
7
5
4
4
4
4
4
4
4
4
4
4
4
3
3
3
3
3
3
3
3
3
3
3
3
3
3
3
3
3
3
3
3
3
3
3
3
3
2
2
2
2
2
2
2
2
2
2
2
2
2
2
2
2
2
2
2
2
2
2
2
2
2
2
2
2
2
2
2
2
2
2
2
2
2
2
2
2
2
2
2
2
2
2
2
2
2
2
2
2
2
2
2
2
2
2
2
2
2
2
2
2
2
2
2
2
2
2
2
2
2
2
2
2
2
2
2
2
2
2
2
2
2
2
2
2
2
2
2
2
2
2
2
2
2
2
2
2
2
2
2
2
2
2
2
2
2
2
2
2
2
2
2
2
2
2
2
2
2
2
2
2
2
2
2
2
2
2
2
1
1
1
1
1
1
1
1
1
1
1
1
1
1
1
1
1
1
1
1
1
1
1
1
1
1
1
1
1
1
1
1
1
1
1
1
1
1
1
1
1
1
1
1
1
1
1
1
1
1
1
1
1
1
1
1
1
1
1
1
1
1
1
1
1
1
1
1
1
1
1
1
1
1
1
1
1
1
1
1
1
1
1
1
1
1
1
1
1
1
1
1
1
1
1
1
1
1
1
1
1
1
1
1
1
1
1
1
1
1
1
1
1
1
1
1
1
1
1
1
1
1
1
1
1
1
1
1
1
1
1
1
1
1
1
1
1
1
1
1
1
1
1
1
1
1
1
1
1
1
1
1
1
1
1
1
1
1
1
1
1
1
1
1
1
1
1
1
1
1
1
1
1
1
1
1
1
1
1
1
1
1
1
1
1
1
1
1
1
1
1
1
1
1
1
1
1
1
1
1
1
1
1
1
1
1
1
1
1
1
1
1
1
1
1
1
1
1
1
1
1
1
1
1
1
1
1
1
1
1
1
1
1
1
1
1
1
1
1
1
1
1
1
1
1
1
1
1
1
1
1
1
1
1
1
1
1
1
1
1
1
1
1
1
1
1
1
1
1
1
1
1
1
1
1
1
1
1
1
1
1
1
1
1
1
1
1
1
1
1
1
1
1
1
1
1
1
1
1
1
1
1
1
1
1
1
1
1
1
1
1
1
1
1
1
1
1
1
1
1
1
1
1
1
1
1
1
1
1
1
1
1
1
1
1
1
1
1
1
1
1
1
1
1
1
1
1
1
1
1
1
1
1
1
1
1
1
1
1
1
1
1
1
1
1
1
1
1
1
1
1
1
1
1
1
1
1
1
1
1
1
1
1
1
1
1
1
1
1
1
1
1
1
1
1
1
1
1
1
1
1
1
1
1
1
1
1
1
1
1
1
1
1
1
1
1
1
1
1
1
1
1
1
1
1
1
1
1
1
1
1
1
1
1
1
1
1
1
1
1
1
1
1
1
1
1
1
1
1
1
1
1
1
1
1
1
1
1
1
1
1
1
1
1
1
1
1
1
1
1
1
1
1
1
1
1
1
1
1
1
1
1
1
1
1
1
1
1
1
1
1
1
1
1
1
1
1
1
1
1
1
1
1
1
1
1
1
1
1
1
1
1
1
1
1
1
1
1
1
1
1
1
1
1
1
1
1
1
1
1
1
1
1
1
1
1
1
1
1
1
1
1
1
1
1
1
1
1
1
1
1
1
1
1
1
1
1
1
1
1
1
1
1
1
1
1
1
