1239
1238
1237
1236
1235
1234
1233
1232
1231
1230
1229
1228
1227
1226
1225
1224
1223
1222
1221
1220
1219
1218
1217
1216
1215
1214
1213
1212
1211
1210
1209
1208
1207
1206
1205
1204
1203
1202
1201
1200
1199
1198
1197
1196
1195
1194
1193
1192
1191
1190
1189
1188
1187
1186
1185
1184
1183
1182
1181
1180
1179
1178
1177
1176
1175
1174
1173
1172
1171
1170
1169
1168
1167
1166
1165
1164
1163
1162
1161
1160
1159
1158
1157
1156
1155
1154
1153
1152
1151
1150
1149
1148
1147
1146
1145
1144
1143
1142
1141
1140
1139
1138
1137
1136
1135
1134
1133
1132
1131
1130
1129
1128
1127
1126
1125
1124
1123
1122
1121
1120
1119
1118
1117
1116
1115
1114
1113
1112
1111
1110
1109
1108
1107
1106
1105
1104
1103
1102
1101
1100
1099
1098
1097
1096
1095
1094
1093
1092
1091
1090
1089
1088
1087
1086
1085
1084
1083
1082
1081
1080
1079
1078
1077
1076
1075
1074
1073
1072
1071
1070
1069
1068
1067
1066
1065
1064
1063
1062
1061
1060
1059
1058
1057
1056
1054
1053
1052
1051
1050
1049
1048
1046
1045
1044
1043
1042
1041
1040
1039
1038
1037
1036
1035
1034
1033
1032
1031
1030
1029
1027
1026
1025
1024
1023
1022
1021
1020
1018
1017
1016
1015
1014
1013
1012
1011
1010
1009
1007
1006
1005
1004
1003
1002
1001
1000
999
998
997
996
994
993
992
991
990
989
988
987
986
984
983
982
981
980
979
978
977
976
975
974
973
972
971
970
969
968
967
966
965
964
963
962
961
959
958
957
956
954
953
952
951
950
949
947
946
945
944
943
942
941
939
938
937
936
933
932
931
930
929
928
927
926
925
924
923
922
921
920
919
918
917
916
915
914
913
912
911
910
909
908
907
906
905
903
902
901
900
899
898
897
896
895
894
893
892
891
889
888
887
886
885
883
882
881
880
878
877
876
875
874
872
871
870
869
866
865
864
863
862
861
859
858
857
856
855
854
853
852
851
850
849
848
847
846
845
845
844
843
842
841
840
839
838
836
835
834
833
832
831
830
829
827
826
825
824
823
822
821
820
820
819
818
817
816
815
813
810
809
808
807
806
805
804
803
802
801
800
798
797
796
795
794
793
792
791
790
789
787
786
784
783
782
781
780
779
771
770
769
767
766
765
763
762
761
760
759
758
757
756
755
754
753
752
751
751
750
749
748
747
745
744
743
742
741
740
739
738
737
736
735
734
733
730
728
725
724
723
722
721
719
717
716
715
713
711
710
704
703
702
700
700
699
698
697
696
695
694
693
692
691
684
683
682
681
680
679
677
676
675
674
671
670
669
668
667
666
665
665
664
663
662
661
660
659
658
657
656
655
654
654
653
653
653
652
652
650
649
648
646
645
644
642
641
641
640
639
638
637
636
634
634
631
629
628
627
626
625
624
623
622
619
618
617
616
615
614
613
612
611
610
608
607
605
602
601
600
600
599
598
595
594
593
592
591
586
585
584
583
581
578
577
576
575
574
573
572
571
570
569
568
567
566
566
565
564
563
562
561
560
559
559
558
557
556
555
553
552
551
551
549
547
546
545
544
543
542
541
538
536
535
530
529
527
527
526
525
524
523
520
519
518
517
514
513
512
511
509
508
507
507
506
505
504
504
503
502
500
498
497
496
495
493
491
489
489
489
489
489
489
486
485
484
484
482
482
482
479
478
477
476
475
474
474
472
470
469
469
468
467
466
464
463
459
457
456
456
454
453
452
451
449
448
447
447
446
445
440
440
439
437
434
433
432
431
430
430
429
428
427
425
424
424
423
422
421
420
420
419
418
418
416
415
414
413
412
411
410
410
400
400
399
399
397
395
394
393
392
392
391
390
390
389
388
388
387
387
387
386
385
384
383
382
378
377
374
374
372
370
369
369
368
367
367
366
365
364
359
358
357
356
355
354
353
352
352
351
351
348
347
347
346
346
343
342
341
340
339
334
333
331
330
330
328
327
325
324
323
323
322
322
320
319
318
317
316
315
313
310
309
308
308
307
306
306
306
306
305
304
303
302
302
299
298
297
297
296
294
293
291
290
289
289
289
288
287
286
284
278
275
269
268
268
267
265
263
261
260
257
256
256
255
254
245
245
244
243
242
237
234
234
233
233
232
232
231
223
222
222
222
222
222
222
221
219
218
216
216
215
214
214
213
212
212
212
210
210
207
206
204
204
202
202
201
201
200
199
199
199
199
198
197
197
196
194
189
189
189
189
189
188
188
187
187
187
187
187
187
186
185
177
176
176
176
172
170
170
146
146
145
145
145
145
144
144
144
139
138
137
137
137
137
130
129
129
127
127
121
121
121
121
121
116
116
116
115
114
96
96
95
68
68
68
67
67
67
67
66
66
66
66
66
65
58
58
58
58
58
58
58
58
53
53
53
53
53
52
50
50
50
49
46
46
46
46
46
45
45
45
45
44
44
43
23
23
23
23
23
23
23
22
22
22
22
22
22
22
22
22
22
22
21
21
21
21
21
21
21
21
21
21
21
21
21
18
18
18
18
18
18
18
18
18
18
18
18
18
18
18
18
18
18
18
18
18
18
18
18
18
18
16
16
16
16
16
16
16
16
16
16
16
16
16
16
16
16
16
16
16
16
16
16
16
16
16
16
16
16
16
16
16
14
14
14
14
14
11
11
11
11
11
11
11
10
10
10
10
10
10
10
10
10
9
8
8
8
8
8
8
8
8
8
8
8
8
8
8
8
8
8
5
5
5
5
5
5
5
5
5
5
5
5
5
5
5
5
5
5
5
5
5
4
4
4
4
4
4
4
4
4
4
4
3
3
3
3
3
3
3
3
3
3
2
2
2
2
2
2
2
2
2
2
2
2
2
2
2
2
2
2
2
2
2
2
2
2
2
2
2
2
2
2
2
2
2
2
2
2
2
2
2
2
2
2
2
2
2
2
1
1
1
1
1
1
1
1
1
1
1
1
1
