1239
1238
1237
1236
1235
1234
1233
1232
1231
1230
1229
1228
1227
1226
1225
1223
1222
1220
1219
1218
1217
1216
1215
1214
1212
1209
1208
1207
1206
1204
1203
1201
1200
1199
1198
1196
1195
1194
1193
1192
1191
1190
1189
1188
1187
1186
1185
1183
1182
1181
1179
1178
1177
1174
1173
1172
1171
1170
1169
1168
1167
1166
1163
1162
1160
1159
1158
1155
1153
1152
1148
1147
1146
1145
1144
1142
1141
1140
1139
1138
1136
1135
1134
1133
1132
1130
1128
1127
1125
1124
1123
1121
1119
1114
1113
1112
1110
1108
1105
1104
1103
1102
1101
1100
1098
1097
1094
1093
1092
1090
1089
1086
1085
1084
1082
1081
1080
1078
1077
1076
1074
1072
1070
1068
1065
1062
1060
1058
1055
1054
1053
1049
1047
1044
1041
1040
1038
1037
1036
1033
1029
1027
1024
1023
1022
1020
1018
1017
1016
1015
1012
1009
1008
1006
1002
1001
1000
999
998
994
993
992
991
988
987
986
983
982
980
979
976
974
973
972
971
969
968
967
965
962
960
959
957
956
955
952
950
949
946
944
942
939
937
936
935
934
931
929
924
921
916
915
913
906
905
904
901
899
898
895
894
892
891
889
880
879
878
877
876
874
870
867
864
863
861
859
855
853
852
851
848
847
844
842
838
831
829
828
824
823
820
818
813
809
807
804
800
797
794
793
789
781
779
775
771
768
762
761
732
731
730
726
716
708
703
701
699
699
691
689
688
686
681
678
660
649
648
642
638
634
631
613
609
601
599
596
596
591
589
589
580
579
570
568
568
567
564
550
548
529
524
513
510
507
340
336
336
336
336
306
291
291
156
156
156
156
156
156
156
130
130
130
130
130
130
130
126
126
113
113
113
113
113
113
85
85
85
85
85
79
79
58
49
49
45
45
45
45
45
45
45
45
27
27
27
27
27
27
27
27
27
27
27
27
27
27
27
27
27
27
27
27
27
27
27
27
25
25
25
25
25
25
21
21
21
21
21
21
21
21
21
21
21
21
21
21
21
21
21
21
21
21
21
21
21
21
21
21
21
21
21
21
21
15
10
10
10
10
10
10
10
10
10
10
10
10
10
10
10
10
10
10
10
10
10
10
10
10
10
10
10
10
10
10
10
10
10
10
10
10
10
10
10
10
10
8
8
8
8
8
8
8
8
8
8
8
8
8
7
7
7
7
7
7
7
7
7
7
7
7
5
5
5
5
5
5
5
5
5
5
5
5
5
5
5
5
5
5
5
5
5
5
5
5
5
4
4
4
4
4
4
4
4
4
4
3
3
3
3
3
3
3
3
2
2
2
2
2
2
2
2
2
2
2
2
2
2
2
2
2
2
2
2
2
2
2
2
2
2
2
2
2
2
2
2
2
2
2
2
2
2
2
2
2
2
2
2
2
2
2
2
2
2
2
2
2
2
2
2
2
2
2
2
2
2
2
2
2
2
2
2
2
2
2
2
2
2
2
2
2
2
2
2
2
2
2
2
2
2
2
2
2
2
2
2
2
2
2
2
2
2
2
2
2
2
2
2
2
2
2
2
2
2
2
2
2
2
2
2
2
2
2
2
2
2
2
2
2
2
2
2
2
1
1
1
1
1
1
1
1
1
1
1
1
1
1
1
1
1
1
1
1
1
1
1
1
1
1
1
1
1
1
1
1
1
1
1
1
1
1
1
1
1
1
1
1
1
1
1
1
1
1
1
1
1
1
1
1
1
1
1
1
1
1
1
1
1
1
1
1
1
1
1
1
1
1
1
1
1
1
1
1
1
1
1
1
1
1
1
1
1
1
1
1
1
1
1
1
1
1
1
1
1
1
1
1
1
1
1
1
1
1
1
1
1
1
1
1
1
1
1
1
1
1
1
1
1
1
1
1
1
1
1
1
1
1
1
1
1
1
1
1
1
1
1
1
1
1
1
1
1
1
1
1
1
1
1
1
1
1
1
1
1
1
1
1
1
1
1
1
1
1
1
1
1
1
1
1
1
1
1
1
1
1
1
1
1
1
1
1
1
1
1
1
1
1
1
1
1
1
1
1
1
1
1
1
1
1
1
1
1
1
1
1
1
1
1
1
1
1
1
1
1
1
1
1
1
1
1
1
1
1
1
1
1
1
1
1
1
1
1
1
1
1
1
1
1
1
1
1
1
1
1
1
1
1
1
1
1
1
1
1
1
1
1
1
1
1
1
1
1
1
1
1
1
1
1
1
1
1
1
1
1
1
1
1
1
1
1
1
1
1
1
1
1
1
1
1
1
1
1
1
1
1
1
1
1
1
1
1
1
1
1
1
1
1
1
1
1
1
1
1
1
1
1
1
1
1
1
1
1
1
1
1
1
1
1
1
1
1
1
1
1
1
1
1
1
1
1
1
1
1
1
1
1
1
1
1
1
1
1
1
1
1
1
1
1
1
1
1
1
1
1
1
1
1
1
1
1
1
1
1
1
1
1
1
1
1
1
1
1
1
1
1
1
1
1
1
1
1
1
1
1
1
1
1
1
1
1
1
1
1
1
1
1
1
1
1
1
1
1
1
1
1
1
1
1
1
1
1
1
1
1
1
1
1
1
1
1
1
1
1
1
1
1
1
1
1
1
1
1
1
1
1
1
1
1
1
1
1
1
1
1
1
1
1
1
1
1
1
1
1
1
1
1
1
1
1
1
1
1
1
1
1
1
1
1
1
1
1
1
1
1
1
1
1
1
1
1
1
1
1
1
1
1
1
1
1
1
1
1
1
1
1
1
1
1
1
1
1
1
1
1
1
1
1
1
1
1
1
1
1
1
1
1
1
1
1
1
1
1
1
1
1
1
1
1
1
1
1
1
1
1
1
1
1
1
1
1
1
1
1
1
1
1
1
1
1
1
1
1
1
1
1
1
1
1
1
1
1
1
1
1
1
1
1
1
1
1
