1239
1238
1237
1236
1235
1234
1233
1232
1231
1230
1229
1228
1227
1226
1225
1224
1223
1222
1221
1220
1219
1218
1217
1216
1215
1214
1213
1212
1211
1210
1209
1208
1207
1206
1205
1204
1203
1202
1201
1200
1199
1198
1197
1196
1195
1194
1193
1192
1191
1190
1189
1188
1187
1186
1185
1184
1183
1182
1181
1180
1179
1178
1177
1176
1175
1174
1173
1172
1171
1170
1169
1168
1167
1166
1165
1164
1163
1162
1161
1160
1159
1158
1157
1156
1155
1154
1153
1152
1151
1150
1149
1148
1147
1146
1145
1144
1143
1142
1141
1140
1139
1138
1137
1136
1135
1134
1133
1132
1131
1130
1129
1128
1127
1126
1125
1124
1123
1122
1121
1120
1119
1118
1117
1116
1115
1114
1113
1112
1111
1110
1109
1108
1107
1106
1105
1104
1103
1102
1101
1100
1099
1098
1097
1096
1095
1094
1093
1092
1091
1090
1088
1087
1086
1085
1084
1083
1082
1081
1080
1079
1078
1077
1076
1075
1074
1073
1072
1071
1070
1069
1068
1067
1066
1065
1064
1063
1062
1061
1060
1059
1058
1057
1056
1055
1054
1053
1052
1051
1050
1049
1048
1047
1046
1045
1044
1043
1042
1041
1040
1039
1038
1037
1036
1035
1034
1033
1032
1031
1030
1029
1028
1027
1026
1025
1024
1023
1022
1021
1020
1019
1018
1017
1016
1015
1014
1013
1012
1011
1010
1009
1008
1007
1006
1005
1004
1003
1002
1001
1000
999
998
997
996
995
994
993
992
991
990
989
988
987
986
984
983
982
981
980
979
978
977
976
975
974
973
972
971
970
969
968
967
966
965
964
963
962
961
960
959
958
957
956
955
954
953
952
951
950
949
948
947
946
945
944
943
942
941
940
939
938
937
936
935
934
933
932
931
930
929
927
926
925
924
923
922
921
920
919
918
917
916
915
914
912
911
910
909
908
907
906
905
904
903
902
901
901
900
899
898
897
896
895
894
893
892
891
890
889
888
887
886
885
884
883
882
881
879
876
876
875
874
873
872
871
870
869
868
867
866
865
864
863
863
862
861
860
859
858
857
856
855
854
853
852
851
850
849
848
847
845
844
843
842
841
840
838
836
835
834
833
832
831
830
829
828
827
826
825
824
823
822
821
821
820
819
818
817
816
815
814
813
812
811
809
808
807
806
804
803
802
801
800
799
798
797
796
795
794
793
792
791
789
786
785
784
783
782
780
779
777
776
775
774
773
772
771
769
768
767
766
765
764
763
762
761
760
759
758
756
755
754
753
752
751
750
749
748
747
745
744
743
742
741
740
739
738
737
736
735
734
733
732
731
730
729
728
727
725
723
722
721
720
719
718
717
716
715
714
713
711
710
709
708
707
706
705
704
703
702
701
700
698
697
696
695
694
694
693
692
690
689
688
686
685
684
683
681
680
679
678
676
675
673
672
671
669
668
666
665
664
663
662
660
659
658
657
656
655
654
653
652
651
650
649
648
647
646
645
644
642
641
640
639
638
637
636
635
634
632
631
630
627
626
625
624
622
621
620
619
618
615
614
613
609
606
603
602
601
600
599
597
596
595
594
593
592
591
590
589
588
587
586
585
582
581
580
579
578
577
576
575
573
571
569
567
566
565
564
562
561
560
559
558
557
556
555
553
551
550
548
545
544
542
541
540
538
536
535
534
533
532
531
528
527
526
525
524
523
522
521
520
519
519
518
516
515
514
513
512
511
504
503
502
501
500
499
498
497
496
488
488
487
485
483
481
478
477
475
473
471
470
469
467
466
465
464
463
461
457
456
455
453
449
448
446
446
444
442
442
441
439
438
436
435
433
432
430
429
428
428
426
425
424
424
423
422
414
414
413
413
413
412
411
410
409
408
407
406
405
402
400
399
399
398
398
397
395
395
394
394
393
392
391
388
386
385
384
384
383
383
381
380
377
375
374
373
372
371
369
369
367
365
364
358
357
355
355
355
353
352
351
351
350
349
348
348
344
343
342
339
339
338
337
336
335
334
333
332
331
330
330
330
330
329
328
325
323
322
321
321
321
320
320
318
317
317
316
315
314
313
312
311
309
309
306
303
302
300
298
298
298
298
297
297
292
292
284
284
284
283
282
278
277
275
269
268
267
267
266
265
264
264
263
263
263
259
259
258
258
256
256
255
254
254
249
249
249
249
248
246
245
243
241
238
238
237
236
235
230
228
227
226
224
224
220
218
217
217
217
215
213
211
211
208
208
205
203
203
202
202
202
201
199
199
190
189
189
187
187
185
185
185
184
184
184
184
183
183
183
183
182
181
181
177
177
176
170
151
150
143
143
143
143
139
139
139
138
138
136
136
136
132
132
132
130
130
129
129
129
129
128
127
126
126
126
125
125
124
122
121
121
117
114
113
113
112
112
109
109
108
108
108
108
108
107
107
107
98
98
98
98
98
98
97
97
97
97
96
96
84
83
81
81
80
80
79
79
78
78
78
78
78
78
78
78
78
77
77
77
68
68
68
67
63
63
63
63
63
63
63
63
63
62
62
62
62
62
62
61
61
61
61
61
59
59
59
59
58
58
58
58
58
58
58
57
57
57
57
56
56
55
55
55
54
54
42
40
39
39
39
38
34
34
34
34
34
34
34
19
19
19
19
19
19
19
19
19
19
18
18
18
18
18
14
14
14
14
14
14
14
14
7
7
7
7
7
7
7
7
7
7
7
7
7
7
7
7
7
7
7
7
7
7
7
7
7
7
7
7
7
7
7
7
7
7
7
7
7
5
5
5
5
5
5
5
5
5
5
5
5
5
5
5
5
5
5
5
5
5
5
5
5
5
5
5
5
5
4
4
4
4
4
4
4
4
4
4
4
4
4
4
4
4
4
4
4
4
4
4
4
4
3
3
3
3
2
2
2
2
2
2
2
2
2
2
2
2
2
2
2
2
2
2
2
2
2
2
2
2
2
2
2
2
2
2
2
2
2
2
2
2
2
2
2
2
2
2
2
2
2
2
2
1
1
1
1
1
1
1
